4 0.338000 0.263473 0.200000 0.311377
4 0.654000 0.441617 0.220000 0.284431
4 0.490000 0.736527 0.208000 0.287425
4 0.294000 0.724551 0.204000 0.293413
4 0.097000 0.474551 0.182000 0.266467
4 0.093000 0.233533 0.182000 0.257485
4 0.283000 0.455090 0.182000 0.263473
4 0.463000 0.452096 0.182000 0.293413
4 0.633000 0.187126 0.190000 0.272455
4 0.858000 0.455090 0.184000 0.275449
4 0.697000 0.735030 0.190000 0.302395
4 0.906000 0.733533 0.188000 0.287425
4 0.825000 0.199102 0.186000 0.272455
4 0.089000 0.763473 0.174000 0.299401
4 0.467000 0.196108 0.138000 0.296407
