2 0.362222 0.575556 0.271111 0.306667
2 0.586667 0.544444 0.266667 0.262222
2 0.780000 0.488889 0.342222 0.248889
2 0.888889 0.373333 0.222222 0.248889
2 0.902222 0.706667 0.195556 0.275556
2 0.753333 0.780000 0.342222 0.395556
2 0.595556 0.857778 0.382222 0.284444
2 0.282222 0.897778 0.288889 0.204444
2 0.133333 0.828889 0.257778 0.324444
2 0.204444 0.506667 0.275556 0.311111
2 0.100000 0.431111 0.191111 0.213333
2 0.446667 0.300000 0.244444 0.226667
2 0.306667 0.277778 0.266667 0.280000
2 0.191111 0.220000 0.240000 0.235556
2 0.600000 0.264444 0.195556 0.226667
2 0.717778 0.257778 0.146667 0.177778
2 0.686667 0.097778 0.191111 0.186667
2 0.600000 0.077778 0.177778 0.146667
2 0.473333 0.102222 0.155556 0.186667
2 0.308889 0.084444 0.173333 0.160000
