2 0.295082 0.785455 0.076503 0.152727
2 0.295082 0.563636 0.087432 0.152727
2 0.150273 0.363636 0.060109 0.130909
2 0.491803 0.583636 0.120219 0.105455
2 0.497268 0.829091 0.065574 0.130909
2 0.270492 0.370909 0.081967 0.109091
2 0.442623 0.303636 0.065574 0.098182
2 0.095628 0.716364 0.060109 0.145455
2 0.114754 0.538182 0.043716 0.101818
2 0.442623 0.421818 0.098361 0.065455
2 0.860656 0.476364 0.081967 0.087273
2 0.142077 0.078182 0.065574 0.076364
2 0.243169 0.247273 0.071038 0.087273
2 0.581967 0.134545 0.136612 0.065455
