2 0.095000 0.813333 0.178000 0.373333
2 0.227000 0.797333 0.142000 0.389333
2 0.374000 0.765333 0.144000 0.432000
2 0.458000 0.714667 0.204000 0.560000
2 0.636000 0.641333 0.204000 0.274667
2 0.719000 0.780000 0.158000 0.360000
2 0.859000 0.725333 0.282000 0.378667
2 0.064000 0.342667 0.124000 0.253333
2 0.164000 0.357333 0.152000 0.245333
2 0.237000 0.425333 0.130000 0.296000
2 0.328000 0.426667 0.092000 0.256000
2 0.420000 0.440000 0.072000 0.266667
2 0.497000 0.377333 0.146000 0.162667
2 0.802000 0.456000 0.168000 0.181333
2 0.702000 0.474667 0.088000 0.208000
2 0.028000 0.160000 0.044000 0.144000
2 0.106000 0.173333 0.108000 0.138667
2 0.231000 0.190667 0.094000 0.136000
2 0.630000 0.294667 0.080000 0.088000
2 0.514000 0.229333 0.080000 0.085333
2 0.390000 0.278667 0.072000 0.120000
