2 0.792000 0.522667 0.140000 0.117333
2 0.976000 0.336000 0.048000 0.058667
2 0.903000 0.901333 0.194000 0.186667
2 0.892000 0.757333 0.204000 0.117333
2 0.133000 0.477333 0.110000 0.053333
2 0.375000 0.452000 0.118000 0.061333
2 0.288000 0.545333 0.128000 0.088000
2 0.089000 0.533333 0.170000 0.080000
2 0.066000 0.724000 0.128000 0.216000
2 0.200000 0.797333 0.204000 0.133333
2 0.272000 0.712000 0.176000 0.106667
2 0.174000 0.622667 0.140000 0.082667
2 0.346000 0.858667 0.108000 0.234667
2 0.432000 0.682667 0.132000 0.101333
2 0.433000 0.848000 0.086000 0.181333
2 0.504000 0.884000 0.092000 0.162667
2 0.611000 0.705333 0.162000 0.136000
2 0.686000 0.804000 0.164000 0.130667
2 0.748000 0.708000 0.100000 0.109333
