9 0.329688 0.726562 0.437500 0.525000
9 0.652344 0.308594 0.382812 0.470313
9 0.304688 0.263281 0.331250 0.401562
9 0.053906 0.194531 0.104688 0.379688
9 0.210938 0.049219 0.300000 0.095312
9 0.629687 0.071094 0.321875 0.139063
9 0.892969 0.074219 0.207813 0.145313
9 0.058594 0.568750 0.110937 0.359375
9 0.081250 0.871875 0.150000 0.256250
9 0.731250 0.772656 0.334375 0.445312
9 0.925781 0.667969 0.148438 0.217188
9 0.955469 0.871094 0.089063 0.257812
9 0.918750 0.364063 0.162500 0.384375
9 0.564844 0.958594 0.151562 0.082812
