9 0.607031 0.582649 0.617188 0.461899
9 0.248438 0.859906 0.481250 0.280188
9 0.785937 0.865182 0.428125 0.269637
9 0.055469 0.095545 0.104688 0.144197
9 0.257812 0.202227 0.493750 0.289566
9 0.546875 0.039859 0.443750 0.077374
9 0.729688 0.165885 0.406250 0.223916
9 0.827344 0.385111 0.345313 0.230950
9 0.569531 0.288394 0.170313 0.135991
9 0.084375 0.439039 0.156250 0.125440
9 0.093750 0.592028 0.184375 0.255569
9 0.786719 0.866354 0.426563 0.267292
9 0.337500 0.463072 0.362500 0.342321
9 0.397656 0.810082 0.395313 0.297773
9 0.948438 0.614302 0.103125 0.194607
