9 0.428906 0.447917 0.206250 0.326389
9 0.495312 0.198611 0.214062 0.280556
9 0.417187 0.134722 0.110937 0.238889
9 0.278906 0.338889 0.096875 0.211111
9 0.319531 0.384722 0.096875 0.227778
9 0.197656 0.461806 0.117188 0.093056
9 0.247266 0.520833 0.114844 0.105556
9 0.292578 0.538194 0.102344 0.081944
9 0.389453 0.748611 0.191406 0.288889
9 0.585547 0.752083 0.192969 0.348611
9 0.767969 0.725000 0.184375 0.297222
9 0.927344 0.706944 0.145313 0.316667
9 0.623828 0.438194 0.183594 0.295833
9 0.683203 0.170833 0.197656 0.288889
9 0.816016 0.431944 0.189844 0.288889
