3 0.585000 0.321667 0.083333 0.130000
3 0.541667 0.178333 0.083333 0.103333
3 0.228333 0.406667 0.070000 0.100000
3 0.310000 0.408333 0.080000 0.090000
3 0.271667 0.671667 0.123333 0.070000
3 0.353333 0.761667 0.106667 0.096667
3 0.645000 0.741667 0.103333 0.083333
3 0.753333 0.776667 0.093333 0.080000
3 0.576667 0.698333 0.086667 0.090000
3 0.155000 0.730000 0.096667 0.086667
3 0.136667 0.811667 0.113333 0.070000
3 0.241667 0.836667 0.096667 0.093333
3 0.550000 0.928333 0.126667 0.083333
3 0.678333 0.956667 0.110000 0.086667
3 0.628333 0.858333 0.130000 0.070000
3 0.756667 0.880000 0.080000 0.100000
3 0.708333 0.711667 0.083333 0.070000
3 0.286667 0.138333 0.066667 0.103333
3 0.850000 0.965000 0.126667 0.056667
