2 0.384000 0.425333 0.084000 0.120000
2 0.657000 0.384000 0.158000 0.128000
2 0.422000 0.218667 0.060000 0.085333
2 0.378000 0.094667 0.076000 0.109333
2 0.048000 0.190667 0.068000 0.114667
2 0.083000 0.424000 0.070000 0.101333
2 0.174000 0.298667 0.044000 0.117333
2 0.215000 0.170667 0.078000 0.069333
2 0.511000 0.336000 0.106000 0.074667
2 0.687000 0.212000 0.062000 0.066667
2 0.447000 0.126667 0.066000 0.098667
2 0.269000 0.446667 0.110000 0.077333
2 0.380000 0.337333 0.092000 0.072000
2 0.847000 0.226667 0.078000 0.037333
2 0.726000 0.118667 0.104000 0.066667
