7 0.526000 0.365333 0.092000 0.117333
7 0.406000 0.514667 0.100000 0.133333
7 0.526000 0.521333 0.108000 0.125333
7 0.644000 0.509333 0.104000 0.128000
7 0.343000 0.632000 0.102000 0.149333
7 0.461000 0.634667 0.106000 0.138667
7 0.594000 0.625333 0.100000 0.130667
7 0.699000 0.620000 0.094000 0.125333
7 0.744000 0.570667 0.076000 0.122667
7 0.759000 0.734667 0.094000 0.141333
7 0.649000 0.742667 0.106000 0.141333
7 0.531000 0.750667 0.110000 0.146667
7 0.403000 0.758667 0.114000 0.152000
7 0.287000 0.758667 0.102000 0.141333
7 0.396000 0.418667 0.088000 0.090667
7 0.665000 0.405333 0.082000 0.069333
7 0.694000 0.470667 0.080000 0.082667
7 0.572000 0.454667 0.084000 0.072000
7 0.473000 0.452000 0.086000 0.072000
7 0.468000 0.396000 0.044000 0.045333
7 0.591000 0.404000 0.050000 0.050667
2 0.218000 0.450667 0.168000 0.202667
2 0.166000 0.757333 0.144000 0.245333
2 0.075000 0.449333 0.114000 0.141333
2 0.089000 0.560000 0.110000 0.160000
2 0.052000 0.764000 0.088000 0.200000
