2 0.438000 0.232000 0.120000 0.405333
2 0.535000 0.417333 0.114000 0.306667
2 0.275000 0.685333 0.114000 0.346667
2 0.379000 0.692000 0.106000 0.370667
2 0.359000 0.909333 0.098000 0.181333
2 0.492000 0.718667 0.096000 0.344000
2 0.537000 0.898667 0.102000 0.202667
2 0.603000 0.681333 0.094000 0.344000
2 0.881000 0.798667 0.086000 0.290667
2 0.192000 0.717333 0.148000 0.352000
2 0.186000 0.404000 0.148000 0.370667
2 0.339000 0.345333 0.150000 0.312000
2 0.664000 0.301333 0.184000 0.341333
2 0.757000 0.256000 0.146000 0.373333
